	tfAR	tfATF1	tfBRCA1	tfCEBPA	tfCEBPB	tfCEBPD	tfCREB1	tfE2F1	tfE2F4	tfEGR1	tfESR1	tfETS1	tfFOXA1	tfGATA1	tfGATA2	tfGATA3	tfGLI1	tfGLI2	tfJUN	tfJUND	tfMYB	tfMYBL1	tfMYC	tfNFIC	tfNFKB1	tfNFKB2	tfPGR	tfPPARG	tfRARA	tfRARB	tfRARG	tfREL	tfRELA	tfSP1	tfSTAT3	tfSTAT5A	tfTFAP2A	tfTFAP2C	tfTP53	tfUSF1	tfWT1	tfYBX1	arnBCL2	arnBID	arnCAMK1D	arnCARD10	arnCASP1	arnCLCA1	arnDAP	arnGLRX2	arnIL1F10	arnIL6	arnLGALS3	arnSERPINB2	MIR143	MIR146A	MIR148A	MIR15A	MIR15B	MIR16_2	MIR17	MIR18A	MIR192	MIR195	MIR200B	MIR200C	MIR20A	MIR21	MIR224	MIR29A	MIR29C	MIR34A	MIR34B	MIR34C	MIR448	MIR449A	MIRLET7A1	MIRLET7C
tfAR	-0.0111281	-0	0.000218797	-0	-0	-0	-0	0.000432442	-0	0.000258877	-0	-0	-0	-0	-0	-0	-0	-0	-0	-0	-0	-0	-0	-0	0.000252244	-0	-0	-0	0.000243989	-0	-0	-0	0.000265206	0.000228888	-0	-0	-0	-0	0.000134296	-0	-0	0.000216658	-0	0	-0	-0	0	-0	-0	-0	-0	0	-0	0	-0	-0	-0	-0	-0	-0	-0	-0	-0	-0	-0	-0	-0	-0	-0	-0	-0	-0.00105385	-0	-0	-0	-0	-0	-0
tfATF1	-0	-0.008808	-0	-0	-0	-0	-0	-0	-0	-0	-0	0.000477093	-0	-0	0.000456947	-0	-0	-0	-0	-0	-0	-0	-0	-0	-0	-0	-0	-0	-0	-0	-0	-0	-0	-0	-0	-0	-0	-0	-0	-0	-0	-0	-0	0	-0	-0	0	-0	-0	-0	-0	0	-0	0	-0	-0	-0	-0	-0	-0	-0	-0	-0	-0	-0	-0	-0	-0	-0	-0	-0	-0	-0	-0	-0	-0	-0	-0
tfBRCA1	-0	0.00039103	-0.0093865	-0	-0	-0	0.000409952	0.000588366	0.00032596	-0	-0	-0	-0	-0	-0	-0	-0	-0	-0	-0	-0	-0	-0	-0	0.000343194	-0	-0	-0	-0	-0	-0	-0	-0	0.000311417	-0	-0	-0	-0	0.000182719	-0	-0	0.000294778	-0	0	-0	-0	0	-0	-0	-0	-0	0	-0	0	-0	-0.000738263	-0	-0.000926593	-0	-0.000919239	-0	-0	-0	-0	-0	-0	-0	-0	-0	-0	-0	-0	-0	-0	-0	-0	-0	-0
tfCEBPA	0.000338932	-0	-0	-0.011172	-0	-0	-0	-0	-0	-0	-0	-0	0.00028682	-0	0.000305279	-0	-0	-0	-0	-0	0.000449577	-0	0.000279011	-0	-0	-0	-0	-0	-0	-0	-0	-0	-0	-0	-0	-0	-0	-0	0.000178257	0.000251855	-0	-0	-0	0	-0	-0	0	-0	-0	-0	-0	0	-0	0	-0	-0	-0	-0	-0	-0	-0	-0	-0	-0	-0	-0	-0	-0	-0	-0	-0	-0	-0	-0	-0	-0	-0	-0
tfCEBPB	-0	-0	-0	-0	-0.00918	-0	0.000435657	-0	-0	0.000374305	0.000410304	0.000347205	-0	0.000365282	0.000332543	-0	-0	-0	-0	-0	-0	-0	-0	-0	-0	-0	-0	-0	-0	-0	-0	-0	-0	-0	0.000405496	-0	-0	-0	-0	-0	-0	0.00031326	-0	0	-0	-0	0	-0	-0	-0	-0	0	-0	0	-0	-0	-0	-0	-0	-0	-0	-0	-0	-0	-0	-0	-0	-0	-0	-0	-0	-0.00116869	-0	-0	-0	-0	-0	-0.00108985
tfCEBPD	0.000512715	-0	-0	-0	-0	-0.009996	-0	-0	-0	-0	-0	-0	-0	-0	0.000461809	-0	-0	-0	-0	-0	-0	-0	-0	-0	-0	-0	-0	-0	-0	-0	-0	-0	-0	-0	-0	-0	-0	-0	-0	-0	-0	-0	-0	0	-0	-0	0	-0	-0	-0	-0	0	-0	0	-0	-0	-0	-0	-0	-0	-0	-0	-0	-0	-0	-0	-0	-0	-0	-0	-0	-0	-0	-0	-0	-0	-0	-0
tfCREB1	0.000466257	-0	-0	-0	-0	-0	-0.00828	-0	-0	-0	-0	0.000438481	-0	-0	0.000419965	-0	-0	-0	-0	-0	-0	-0	-0	-0	-0	-0	-0	-0	-0	-0	-0	-0	-0	-0	-0	-0	-0	-0	-0	-0	-0	-0	-0	0	-0	-0	0	-0	-0	-0	-0	0	-0	0	-0	-0	-0	-0	-0	-0	-0	-0	-0	-0	-0.00167932	-0	-0	-0	-0	-0	-0	-0	-0.000891843	-0	-0	-0	-0	-0
tfE2F1	-0	-0	-0	0.000315504	-0	-0	-0	-0.00860688	0.000300752	-0	0.000356239	0.000301452	-0	0.000317148	0.000288723	-0	-0	-0	-0	-0	-0	-0	0.00026388	-0	-0	-0	-0	-0	-0	-0	-0	-0	-0	0.000287336	-0	-0	-0	-0	0.00016859	-0	-0	0.000271981	-0	0	-0	-0	0	-0	-0	-0	-0	0	-0	0	-0	-0	-0	-0	-0	-0	-0.000665347	-0	-0	-0	-0	-0	-0.000726789	-0.00051539	-0	-0	-0	-0.000722685	-0	-0	-0	-0	-0.000724235	-0
tfE2F4	-0	-0	-0	-0	-0	-0	-0	-0	-0.008832	-0	-0	0.000526833	-0	-0	-0	-0	-0	-0	-0	-0	-0	-0	-0	-0	-0	-0	-0	-0	-0	-0	-0	-0	-0	-0	-0	-0	-0	-0	-0	-0	-0	-0	-0	0	-0	-0	0	-0	-0	-0	-0	0	-0	0	-0	-0	-0	-0	-0	-0	-0	-0	-0	-0	-0	-0	-0	-0	-0	-0	-0	-0	-0	-0	-0	-0	-0	-0
tfEGR1	-0	0.000437366	-0	-0	-0	-0	0.000458529	-0	-0	-0.0109469	-0	0.000365434	-0	0.000384459	0.000350002	-0	-0	-0	0.000367502	-0	0.000515439	-0	-0	-0	-0	-0	-0	-0	-0	-0	-0	-0	-0	0.000348318	-0	-0	0.000330737	-0	0.00020437	-0	0.000389059	-0	-0	0	-0	-0	0	-0	-0	-0	-0	0	-0	0	-0	-0	-0	-0	-0	-0	-0	-0	-0	-0	-0	-0	-0	-0	-0	-0	-0	-0	-0	-0	-0	-0	-0	-0
tfESR1	0.000229359	-0	0.00019653	-0	-0	-0	-0	-0	0.000215194	-0	-0.012096	-0	-0	0.000226925	0.000206587	-0	-0	-0	0.000216916	-0	-0	-0	-0	-0	-0	-0	0.000199861	0.0001891	0.000219159	-0	-0	-0	-0	0.000205594	0.000251908	0.000220679	-0	0.000171772	0.000120629	0.000170433	-0	0.000194608	-0	0	-0	-0	0	-0	-0	-0	-0	0	-0	0	-0	-0	-0	-0	-0	-0	-0	-0.000787833	-0	-0	-0	-0	-0	-0	-0	-0	-0	-0	-0	-0	-0	-0	-0	-0
tfETS1	0.000321487	-0	0.000275469	-0	-0	-0	-0	-0	0.000301632	-0	-0	-0.01008	-0	-0	0.000289567	-0	-0	-0	0.000304046	-0	-0	-0	-0	-0	0.00031758	-0	-0	-0	0.000307188	-0	-0	-0	-0	0.000288174	-0	-0	0.000273628	-0	0.000169081	-0	0.000321881	-0	-0	0	-0	-0	0	-0	-0	-0	-0	0	-0	0	-0	-0	-0	-0	-0	-0	-0	-0	-0	-0	-0.00146021	-0.0014128	-0	-0	-0	-0	-0	-0	-0	-0	-0	-0	-0	-0
tfFOXA1	0.000345991	-0	-0	-0	-0	-0	-0	-0	-0	-0	0.00038451	-0	-0.0103542	-0	0.000311638	0.000350773	-0	-0	-0	-0	-0	-0	-0	-0	-0	-0	-0	-0	-0	-0	-0	-0	-0	-0	-0	-0	-0	0.000259119	-0	-0	-0	-0	-0	0	-0	-0	0	-0	-0	-0	-0	0	-0	0	-0	-0	-0	-0	-0	-0	-0	-0	-0	-0	-0	-0	-0	-0	-0	-0	-0	-0	-0	-0	-0	-0	-0.00102998	-0
tfGATA1	-0	-0	-0	-0	-0	-0	-0	-0	-0	-0	-0	0.000398931	-0	-0.0104268	0.000382086	-0	-0	-0	-0	-0	0.000562687	-0	-0	-0	-0	-0	-0	-0	-0	-0	-0	-0	-0	-0	-0	-0	-0	-0	-0	-0	-0	-0	-0	0	-0	-0	0	-0	-0	-0	-0	0	-0	0	-0	-0	-0	-0	-0	-0	-0	-0	-0	-0	-0	-0	-0	-0	-0	-0	-0	-0	-0	-0	-0	-0	-0	-0
tfGATA2	-0	-0	-0	-0	-0	-0	-0	-0	-0	-0	-0	-0	-0	0.000366005	-0.0103958	-0	-0	-0	-0	-0	0.000490697	-0	-0	-0	-0	-0	-0	-0	-0	-0	-0	-0	-0	-0	-0	-0	-0	-0	-0	-0	-0	0.000313881	-0	0	-0	-0	0	-0	-0	-0	-0	0	-0	0	-0	-0	-0	-0	-0	-0	-0	-0	-0	-0	-0	-0	-0	-0	-0	-0	-0	-0	-0	-0	-0	-0	-0	-0
tfGATA3	-0	-0	-0	-0	-0	-0	-0	-0	-0	-0	0.000437842	0.000370509	0.000333405	-0	-0	-0.0110448	-0	-0	-0	-0	-0	-0	-0	-0	-0	-0	-0	-0	-0	-0	-0	-0	-0	-0	-0	-0	-0	-0	-0	-0	-0	-0	-0	0	-0	-0	0	-0	-0	-0	-0	0	-0	0	-0	-0	-0	-0	-0	-0	-0	-0	-0	-0	-0	-0	-0	-0	-0	-0	-0	-0	-0	-0	-0	-0	-0	-0
tfGLI1	-0	-0	-0	-0	-0	-0	-0	-0	-0	-0	-0	0.000318739	-0	-0	-0	-0	-0.011232	0.00037225	-0	-0	-0	-0	-0	-0	-0	-0	-0	-0	-0	-0	-0	-0	-0	-0	-0	-0	0.000288477	-0	-0	0.000251855	-0	0.000287578	-0	0	-0	-0	0	-0	-0	-0	-0	0	-0	0	-0	-0	-0	-0	-0	-0	-0	-0	-0	-0	-0	-0	-0	-0	-0	-0	-0	-0	-0	-0	-0	-0	-0	-0
tfGLI2	0.000397218	-0	-0	-0	-0	-0	-0	-0	-0	-0	-0	-0	-0	-0	0.000357779	-0	-0	-0.0102453	-0	-0	-0	-0	-0	-0	-0	-0	-0	-0	-0	-0	-0	-0	-0	-0	-0	-0	-0	-0	-0	-0	-0	-0	-0	0	-0	-0	0	-0	-0	-0	-0	0	-0	0	-0	-0	-0	-0	-0	-0	-0	-0	-0	-0	-0	-0	-0	-0	-0	-0	-0	-0	-0	-0	-0	-0	-0	-0
tfJUN	0.000302232	0.000340174	-0	-0	-0	-0	0.000356634	-0	0.000283565	0.000306409	0.000335879	0.000284226	-0	0.000299024	0.000272224	-0	-0	-0	-0.0114278	-0	-0	-0	0.000248799	0.000322058	-0	-0	0.000263358	-0	0.000288788	0.000414244	0.00034566	0.000349776	-0	0.000270915	0.000331944	-0	-0	-0	-0	-0	-0	0.000256439	-0	0	-0	-0	0	-0	-0	-0	-0	0	-0	0	-0	-0	-0	-0	-0	-0	-0	-0	-0	-0	-0	-0	-0	-0	-0	-0	-0	-0	-0	-0	-0	-0	-0	-0
tfJUND	-0	-0	-0	-0	-0	-0	-0	-0	-0	-0	-0	0.000460851	-0	-0	0.000441391	-0	-0	-0	-0	-0.008676	-0	-0	-0	-0	-0	-0	-0	-0	-0	-0	-0	-0	-0	-0	-0	-0	-0	-0	-0	-0	-0	-0	-0	0	-0	-0	0	-0	-0	-0	-0	0	-0	0	-0	-0	-0	-0	-0	-0	-0	-0	-0	-0	-0	-0	-0	-0	-0	-0	-0	-0	-0	-0	-0	-0	-0	-0
tfMYB	0.00022897	-0	-0	-0	-0	-0	-0	0.000387774	-0	0.000232135	0.000254463	0.000215329	0.000193766	0.000226541	0.000206237	0.000232136	-0	-0	0.000216548	-0	-0.0101549	-0	-0	-0	0.000226189	-0	0.000199521	0.000188779	-0	-0	-0	-0	-0	0.000205245	-0	-0	0.000194885	-0	-0	-0	0.00022925	-0	-0	0	-0	-0	0	-0	-0	-0	-0	0	-0	0	-0	-0	-0	-0.000509163	-0	-0.000505121	-0	-0	-0	-0.000493251	-0.000797336	-0.000771448	-0	-0	-0	-0	-0	-0.000609126	-0	-0	-0	-0	-0	-0
tfMYBL1	-0	-0	-0	0.000367592	-0	-0	-0	-0	-0	-0	0.00041505	0.000351222	-0	-0	-0	0.000378635	-0	-0	-0	-0	-0	-0.0104026	-0	-0	-0	-0	-0	-0	-0	-0	-0	-0	-0	0.000334773	-0	-0	-0	-0	-0	-0	-0	-0	-0	0	-0	-0	0	-0	-0	-0	-0	0	-0	0	-0	-0	-0	-0	-0	-0	-0	-0	-0	-0	-0	-0	-0	-0	-0	-0	-0	-0	-0	-0	-0	-0	-0	-0
tfMYC	0.000258878	-0	-0	-0	-0	-0	-0	0.000438421	0.000242889	-0	0.000287698	0.000243454	-0	0.000256128	0.000233176	0.000262457	-0	-0	0.000244832	-0	0.000343388	-0	-0.00827366	0.00027586	0.000255732	-0	0.000225581	0.000213436	-0	0.000354822	-0	-0	0.000268873	0.000232052	0.000284326	-0	0.000220339	0.000193877	0.000136153	-0	0.000259192	-0	-0	0	-0	-0	0	-0	-0	-0	-0	0	-0	0	-0	-0	-0	-0	-0	-0	-0.000654315	-0	-0	-0	-0	-0	-0.000714739	-0	-0	-0	-0	-0.000710702	-0.000494054	-0.00071415	-0	-0	-0.000712227	-0.000662759
tfNFIC	0.000477093	-0	-0	-0	-0	-0	-0	-0	-0	-0	-0	0.00044867	-0	0.000472031	0.000429725	-0	-0	-0	-0	-0	-0	-0	-0	-0.009696	-0	-0	-0	-0	-0	-0	-0	-0	-0	-0	-0	-0	-0	-0	0.000250921	-0	-0	-0	-0	0	-0	-0	0	-0	-0	-0	-0	0	-0	0	-0	-0	-0	-0	-0	-0	-0	-0	-0	-0	-0	-0	-0	-0	-0	-0	-0	-0	-0	-0	-0	-0	-0	-0
tfNFKB1	0.000424843	-0	-0	-0	-0	-0	-0	-0	-0	-0	-0	0.000399532	-0	-0	0.000382661	-0	-0	-0	-0	-0	-0	-0	-0	-0	-0.0095113	-0	-0	-0	-0	-0	-0	-0	-0	-0	-0	-0	-0	-0	-0	-0	-0	0.000360473	-0	0	-0	-0	0	-0	-0	-0	-0	0	-0	0	-0	-0.000906691	-0	-0	-0	-0	-0	-0	-0	-0	-0	-0	-0	-0	-0	-0	-0	-0	-0	-0	-0	-0	-0	-0
tfNFKB2	-0	-0	-0	-0	-0	-0	-0	-0	0.0004294	-0	-0	0.000430399	-0	-0	-0	-0	-0	-0	0.000432836	-0	-0	-0	-0	-0	-0	-0.010104	-0	-0	-0	-0	-0	-0	0.000475337	0.000410242	-0	-0	-0	-0	-0	-0	-0	-0	-0	0	-0	-0	0	-0	-0	-0	-0	0	-0	0	-0	-0	-0	-0	-0	-0	-0	-0	-0	-0	-0	-0	-0	-0	-0	-0	-0	-0	-0	-0	-0	-0	-0	-0
tfPGR	-0	-0	-0	-0	-0	-0	-0	-0	-0	-0	0.000286697	-0	0.000218312	-0	-0	0.000261543	-0	-0	0.00024398	-0	-0	-0	-0	-0	-0	-0	-0.012096	-0	-0	-0	-0	-0	-0	0.000231245	-0	-0	-0	-0	-0	-0	-0	-0	-0	0	-0	-0	0	-0	-0	-0	-0	0	-0	0	-0	-0	-0	-0	-0	-0	-0	-0	-0	-0	-0	-0	-0	-0	-0	-0	-0	-0	-0	-0	-0	-0	-0	-0
tfPPARG	0.000241639	-0	-0	0.000237833	0.000287109	-0	0.000285135	-0	-0	0.000244979	0.000268542	-0	0.000204487	0.000239075	0.000217647	0.00024498	-0	-0	-0	-0	-0	-0	-0	-0	-0	-0	-0	-0.0111514	0.000230892	-0	-0	-0	-0	-0	-0	-0	-0	-0	-0	-0	-0	-0	-0	0	-0	-0	0	-0	-0	-0	-0	0	-0	0	-0	-0	-0	-0	-0	-0	-0	-0	-0	-0	-0	-0	-0.000911336	-0	-0	-0	-0	-0	-0	-0	-0	-0	-0	-0
tfRARA	0.000373472	-0	-0	-0	-0	-0	-0	-0	-0	-0	0.000415051	0.000351222	0.00031605	-0	0.000336391	0.000378635	-0	-0	-0	-0	-0	-0	0.000307445	-0	-0	-0	-0	-0	-0.010752	-0	-0	-0	-0	0.000334773	-0	-0	-0	0.0002797	-0	-0	0.000373927	0.000316885	-0	0	-0	-0	0	-0	-0	-0	-0	0	-0	0	-0	-0	-0	-0	-0	-0	-0	-0	-0	-0	-0	-0	-0	-0	-0	-0	-0	-0	-0	-0	-0	-0	-0	-0
tfRARB	0.000284822	-0	-0	-0	-0	-0	0.000336091	-0	-0	-0	-0	-0	-0	-0	-0	-0	-0	-0	-0	-0	-0	-0	0.000234469	-0	-0	-0	-0	0.000234827	0.000272155	-0.0118783	0.00032575	-0	-0	-0	-0	-0	-0	0.00021331	-0	-0	-0	-0	-0	0	-0	-0	0	-0	-0	-0	-0	0	-0	0	-0	-0	-0	-0	-0	-0	-0	-0	-0	-0	-0	-0	-0	-0	-0	-0	-0	-0	-0	-0	-0	-0	-0	-0
tfRARG	0.000407413	-0	-0	-0	-0	-0	-0	-0	-0	-0	0.00045277	0.000383141	-0	-0	0.000366961	-0	-0	-0	-0	-0	-0	-0	-0	-0	-0	-0	-0	-0	0.000389292	-0	-0.010008	-0	-0	-0	-0	-0	-0	0.000305121	-0	-0	-0	0.000345683	-0	0	-0	-0	0	-0	-0	-0	-0	0	-0	0	-0	-0	-0	-0	-0	-0	-0	-0	-0	-0	-0	-0	-0	-0	-0	-0	-0	-0	-0	-0.00149844	-0	-0	-0	-0
tfREL	-0	-0	-0	-0	-0	-0	-0	-0	0.000364585	-0	-0	0.000365433	-0	-0	-0	-0	-0	-0	-0	-0	-0	-0	-0	-0	0.000383862	-0	-0	-0	-0	-0	-0	-0.010812	-0	0.000348318	-0	-0	-0	-0	-0	-0	-0	0.000329706	-0	0	-0	-0	0	-0	-0	-0	-0	0	-0	0	-0	-0	-0	-0	-0	-0	-0	-0	-0	-0	-0	-0	-0	-0	-0	-0	-0	-0	-0	-0	-0	-0	-0	-0
tfRELA	0.000470618	-0	-0	-0	-0	-0	-0	-0	-0	0.000477122	-0	0.00044258	-0	-0	-0	-0	-0	-0	-0	-0	-0	-0	-0	-0	-0	0.00076399	-0	-0	-0	-0	-0	-0	-0.009768	0.000421853	-0	-0	-0	-0	0.000247515	-0	-0	-0	-0	0	-0	-0	0	-0	-0	-0	-0	0	-0	0	-0	-0	-0	-0	-0	-0	-0	-0	-0	-0	-0	-0	-0	-0	-0	-0	-0	-0	-0	-0	-0	-0	-0	-0
tfSP1	-0	-0	-0	0.000375301	-0	-0	-0	-0	0.000357756	-0	0.000423759	0.000358587	-0	-0	0.000343447	0.000386576	-0	-0	-0	-0	0.000505784	-0	-0	-0	-0	-0	-0	-0	-0	-0	-0	-0	-0	-0.00864	-0	-0	0.000324542	-0	-0	0.000283343	-0	0.000323532	-0	0	-0	-0	0	-0	-0	-0	-0	0	-0	0	-0	-0	-0	-0	-0	-0	-0	-0	-0	-0	-0.00151389	-0.00146474	-0	-0.0008248	-0	-0	-0	-0	-0	-0	-0	-0	-0	-0
tfSTAT3	0.000375286	0.0004224	0.000321569	-0	-0	-0	0.000442839	-0	-0	-0	-0	0.000352928	-0	-0	-0	-0	-0	-0	-0	-0	-0	-0	-0	-0	-0	-0	-0	-0	0.000358595	-0	-0	-0	-0	-0	-0.00826157	-0	-0	-0	0.000197377	-0	-0	-0	-0	0	-0	-0	0	-0	-0	-0	-0	0	-0	0	-0	-0	-0	-0	-0	-0	-0.000917779	-0	-0	-0	-0	-0	-0.00100253	-0.000710929	-0	-0	-0	-0	-0	-0	-0	-0	-0	-0
tfSTAT5A	-0	-0	-0	-0	-0	-0	-0	-0	-0	-0	0.000461833	0.000390811	-0	-0	0.000374307	-0	-0	-0	-0	-0	-0	-0	-0	-0	-0	-0	-0	-0	-0	-0	-0	-0	-0	-0	-0	-0.010463	-0	-0	-0	-0	-0	-0	-0	0	-0	-0	0	-0	-0	-0	-0	0	-0	0	-0	-0	-0	-0	-0	-0	-0	-0	-0	-0	-0	-0	-0	-0	-0	-0	-0	-0	-0	-0	-0	-0	-0	-0
tfTFAP2A	-0	-0	-0	0.000373967	-0	-0	-0	-0	-0	-0	0.000422248	0.000357313	0.000321531	-0	-0	0.000385201	-0	-0	-0	-0	-0	-0	-0	0.000404872	-0	-0	-0	-0	-0	-0	-0	-0	-0	-0	-0	-0	-0.0103565	-0	-0	-0	-0	-0	-0	0	-0	-0	0	-0	-0	-0	-0	0	-0	0	-0	-0	-0	-0	-0	-0	-0	-0	-0	-0	-0	-0	-0	-0	-0	-0	-0	-0	-0	-0	-0	-0	-0	-0
tfTFAP2C	-0	-0	-0	-0	-0	-0	-0	-0	0.000349824	-0	0.00041436	-0	-0	-0	-0	-0	-0	-0	-0	-0	-0	-0	-0	-0	-0	-0	-0	-0	-0	-0	-0	-0	-0	-0	-0	-0	-0	-0.0101123	-0	-0	-0	-0	-0	0	-0	-0	0	-0	-0	-0	-0	0	-0	0	-0	-0	-0	-0	-0	-0	-0	-0	-0	-0	-0	-0	-0	-0	-0	-0	-0.000976584	-0	-0	-0	-0	-0	-0	-0
tfTP53	-0	-0	0.000262506	0.000301533	-0	-0	-0	-0	0.000287437	0.000310592	-0	0.000288106	-0	-0	-0	-0	-0	-0	0.000289735	-0	-0	-0	0.000252195	0.000326453	0.000302635	-0	-0	0.000252579	-0	-0	-0	-0	0.000318185	-0	-0	-0	-0	-0	-0.00821376	0.00022765	0.000306732	-0	-0	0	-0	-0	0	-0	-0	-0	-0	0	-0	0	-0	-0	-0	-0.000678195	-0	-0.000672812	-0.000746974	-0.000597458	-0	-0	-0	-0	-0.000815954	-0	-0	-0	-0	-0	-0	-0	-0	-0	-0	-0
tfUSF1	-0	-0	-0	-0	-0	-0	-0	-0	-0	-0	-0	0.000436488	-0	0.000459215	0.000418058	-0	-0	-0	-0	-0	-0	-0	-0	-0	-0	-0	-0	-0	-0	-0	-0	-0	-0	0.000416047	-0	-0	-0	-0	-0	-0.00984	-0	0.000393815	-0	0	-0	-0	0	-0	-0	-0	-0	0	-0	0	-0	-0	-0	-0	-0	-0	-0	-0	-0	-0	-0	-0	-0	-0	-0	-0	-0	-0	-0	-0	-0	-0	-0	-0
tfWT1	-0	-0	-0	-0	-0	-0	-0	-0	-0	0.000305315	-0	0.00028321	-0	0.000297956	0.000271251	-0	-0	-0	-0	-0	0.000399465	-0	0.00024791	0.000320907	0.000297494	-0	-0	-0	-0	-0	-0	-0	0.00031278	0.000269947	-0	-0	-0	-0	-0	-0	-0.0116243	-0	-0	0	-0	-0	0	-0	-0	-0	-0	0	-0	0	-0	-0	-0	-0	-0	-0	-0	-0	-0	-0	-0	-0	-0	-0	-0	-0	-0	-0	-0	-0	-0	-0	-0	-0
tfYBX1	0.000358361	-0	-0	-0	-0	-0	-0	-0	-0	-0	-0	0.000337011	-0	0.000354557	-0	-0	-0	-0	-0	-0	-0	-0	0.000295005	-0	-0	-0	-0	-0	-0	-0	-0	-0	-0	-0	-0	-0	-0	-0	-0	-0	-0	-0.0109227	-0	0	-0	-0	0	-0	-0	-0	-0	0	-0	0	-0	-0	-0	-0	-0	-0	-0	-0	-0	-0	-0	-0	-0	-0	-0	-0	-0	-0	-0	-0	-0	-0	-0	-0
arnBCL2	0.000759772	0.000855154	0.000651017	0.000747808	-0	-0	0.000896535	0.00128671	-0	0.000770275	0.000844355	0.000714506	0.000642958	-0	-0	-0	0.00204265	0.000834461	-0	-0	0.0010078	0.00177211	0.000625452	-0	0.000750535	0.0012334	0.000662047	0.000626403	0.000725973	0.00104136	0.000868944	-0	0.00078911	0.000681043	0.000834468	0.000731015	0.000646672	-0	0.000399591	-0	0.000760699	-0	-0.0567358	0	-0	-0	0	-0	-0	-0	-0	0	-0	0	-0.000803732	-0	-0.000803732	-0.00140653	-0.000786983	-0.00139537	-0.00154917	-0.00123909	-0.000786987	-0.00136257	-0.00220258	-0.00213107	-0.00169223	-0.00120001	-0	-0.000795354	-0.00154066	-0.00168267	-0.00116974	-0.00169084	-0.000786975	-0.000786979	-0	-0
arnBID	-0	-0	-0	-0	-0	-0	-0	-0	-0	-0	-0	-0	-0	-0	-0	-0	-0	-0	-0	-0	-0	-0	-0	-0	-0	-0	-0	-0	-0	-0	-0	-0	-0	-0	-0	-0	-0	-0	-0	-0	-0	-0	-0	-0.01728	-0	-0	0	-0	-0	-0	-0	0	-0	0	-0	-0	-0	-0	-0	-0	-0	-0	-0	-0	-0	-0	-0	-0	-0	-0	-0	-0	-0	-0	-0	-0	-0	-0
arnCAMK1D	0.000645179	-0	-0	-0	-0	-0	-0	-0	-0	-0	0.000717006	0.000606741	0.000545981	-0	0.000581121	0.000654099	-0	-0	-0	-0	-0	-0	-0	-0	-0	-0	-0	-0	-0	-0	-0	-0	-0	-0	-0	-0	-0	0.000483187	-0	-0	-0	-0	-0	0	-0.0233001	-0	0	-0	-0	-0	-0	0	-0	0	-0	-0	-0	-0	-0	-0	-0	-0	-0	-0	-0	-0	-0	-0	-0	-0	-0	-0	-0	-0	-0	-0	-0	-0
arnCARD10	-0	-0	-0	-0	-0	-0	-0	-0	-0	-0	-0	-0	-0	-0	-0	-0	-0	-0	-0	-0	-0	-0	-0	-0	-0	-0	-0	-0	-0	-0	-0	-0	-0	-0	-0	-0	-0	-0	-0	-0	-0	-0	-0	0	-0	-0.0184437	0	-0	-0	-0	-0	0	-0	0	-0	-1.79892e-036	-0	-0	-0	-0	-0	-0	-0	-0	-0	-0	-0	-0	-0	-0	-0	-0	-0	-0	-0	-0	-0	-0
arnCASP1	-0	-0	-0	-0	-0	-0	-0	-0	-0	-0	-0	-0	-0	-0	-0	-0	-0	-0	-0	-0	-0	-0	-0	-0	-0	-0	-0	-0	-0	-0	-0	-0	-0	-0	-0	-0	-0	-0	-0	-0	-0	-0	-0	0	-0	-0	-0.019968	-0	-0	-0	-0	0	-0	0	-0	-0	-0	-0	-0	-0	-0	-0	-0	-0	-0	-0	-0	-0	-0	-0	-0	-0	-0	-0	-0	-0	-0	-0
arnCLCA1	-0	-0	-0	-0	-0	-0	-0	-0	-0	-0	-0	-0	-0	0.000544828	0.000495998	-0	-0	-0	-0	-0	-0	-0	-0	-0	-0	-0	-0	-0	-0	-0	-0	-0	-0	-0	-0	-0	-0	-0	-0	-0	-0	0.000467236	-0	0	-0	-0	0	-0.023712	-0	-0	-0	0	-0	0	-0	-0	-0	-0	-0	-0	-0	-0	-0	-0	-0	-0	-0	-0	-0	-0	-0	-0	-0	-0	-0	-0	-0	-0
arnDAP	0.000749769	-0	-0	-0	-0	-0	-0	-0	-0	-0	-0	0.000705101	-0	0.000741809	0.000675324	-0	-0	-0	-0	-0	-0	-0	-0	-0	-0	-0	-0	-0	-0	-0	-0	-0	-0	-0	-0	-0	-0	-0	-0	-0	-0	0.000636166	-0	0	-0	-0	0	-0	-0.018944	-0	-0	0	-0	0	-0	-0	-0	-0	-0	-0	-0	-0	-0	-0	-0	-0	-0	-0	-0	-0	-0	-0	-0	-0	-0	-0	-0	-0
arnGLRX2	0.000737706	-0	-0	-0	-0	-0	-0	-0	-0	-0	-0	-0	-0	0.000729878	0.000664463	-0	-0	-0	-0	-0	-0	-0	-0	-0	-0	-0	-0	-0	-0	-0	-0	-0	-0	-0	-0	-0	-0	-0	-0	-0	-0	-0	-0	0	-0	-0	0	-0	-0	-0.018688	-0	0	-0	0	-0	-0	-0	-0	-0	-0	-0	-0	-0	-0	-0	-0	-0	-0	-0	-0	-0	-0	-0	-0	-0	-0	-0	-0
arnIL1F10	-0	-0	-0	-0	-0	-0	-0	-0	-0	-0	-0	-0	-0	-0	-0	-0	-0	-0	-0	-0	-0	-0	-0	-0	-0	-0	-0	-0	-0	-0	-0	-0	-0	-0	-0	-0	-0	-0	-0	-0	-0	0.000711898	-0	0	-0	-0	0	-0	-0	-0	-0.020928	0	-0	0	-0	-0	-0	-0	-0	-0	-0	-0	-0	-0	-0	-0	-0	-0	-0	-0	-0	-0	-0	-0	-0	-0	-0	-0
arnIL6	-0	-0	-0	-0	-0	-0	-0	-0	-0	-0	-0	-0	-0	-0	-0	-0	-0	-0	-0	-0	-0	-0	-0	-0	-0	-0	-0	-0	-0	-0	-0	-0	-0	-0	-0	-0	-0	-0	-0	-0	-0	-0	-0	0	-0	-0	0	-0	-0	-0	-0	-0.0397831	-0	0	-0	-0	-0	-0	-0	-0	-0	-0	-0	-0	-0	-0	-0	-0	-0	-0	-0	-0	-0	-0	-0	-0	-0	-0
arnLGALS3	-0	-0	-0	-0	-0	-0	-0	-0	-0	-0	-0	-0	-0	-0	-0	-0	-0	-0	-0	-0	-0	-0	-0	-0	-0	-0	-0	-0	-0	-0	-0	-0	-0	-0	-0	-0	-0	-0	-0	-0	-0	-0	-0	0	-0	-0	0	-0	-0	-0	-0	0	-0.019616	0	-0	-0	-0	-0	-0	-0	-0	-0	-0	-0	-0	-0	-0	-0	-0	-0	-0	-0	-0	-0	-0	-0	-0	-0
arnSERPINB2	-0	-0	-0	-0	-0	-0	-0	-0	-0	-0	-0	-0	-0	-0	-0	-0	-0	-0	-0	-0	-0	-0	-0	-0	-0	-0	-0	-0	-0	-0	-0	-0	-0	-0	-0	-0	-0	-0	-0	-0	-0	-0	-0	0	-0	-0	0	-0	-0	-0	-0	0	-0	-0.021632	-0	-0	-0	-0	-0	-0	-0	-0	-0	-0	-0	-0	-0	-0	-0	-0	-0	-0	-0	-0	-0	-0	-0	-0
MIR143	-0	-0	-0	-0	0.000564513	-0	-0	-0	-0	-0	-0	-0	-0	-0	-0	-0	-0	-0	-0	-0	-0	-0	-0	-0	-0	-0	-0	-0	-0	-0	-0	-0	-0	-0	-0	-0	-0	-0	-0	-0	-0	-0	-0	0	-0	-0	0	-0	-0	-0	-0	0	-0	0	-0.0170731	-0	-0	-0	-0	-0	-0	-0	-0	-0	-0	-0	-0	-0	-0	-0	-0	-0	-0	-0	-0	-0	-0	-0
MIR146A	-0	-0	0.000608421	-0	-0	-0	-0	-0	-0	-0	-0	0.000667753	-0	-0	-0	-0	-0	-0	-0	-0	-0	-0	-0	-0	0.000701429	-0	-0	-0	-0	-0	-0	-0	-0	-0	-0	-0	-0	-0	-0	-0	-0	-0	-0	0	-0	-0	0	-0	-0	-0	-0	0	-0	0	-0	-0.0118465	-0	-0	-0	-0	-0	-0	-0	-0	-0	-0	-0	-0	-0	-0	-0	-0	-0	-0	-0	-0	-0	-0
MIR148A	-0	-0	-0	-0	-0	-0	-0	-0	-0	-0	-0	-0	-0	-0	-0	-0	-0	-0	-0	-0	-0.00167552	-0	-0	-0	-0	-0	-0	-0	-0	-0	-0	-0	-0	-0	-0	-0	-0	-0	-0	-0	-0	-0	-0	0	-0	-0	0	-0	-0	-0	-0	0	-0	0	-0	-0	-0.0159061	-0	-0	-0	-0	-0	-0	-0	-0	-0	-0	-0	-0	-0	-0	-0	-0	-0	-0	-0	-0	-0
MIR15A	-0	-0	-0	-0	-0	-0	-0	0.000945233	-0	-0	-0	-0	-0	-0	-0	-0	-0	-0	-0	-0	0.000740347	-0	-0.00124423	-0	-0	-0	-0	-0	-0	-0	-0	-0	-0	-0	-0	-0	-0	-0	-0	-0	-0	-0	-0	0	-0	-0	0	-0	-0	-0	-0	0	-0	0	-0	-0	-0	-0.013207	-0	-0	-0	-0	-0	-0	-0	-0	-0	-0	-0	-0	-0	-0	-0	-0	-0	-0	-0	-0
MIR15B	-0	-0	-0	-0	-0	-0	-0	0.00141649	-0	-0	-0	-0	-0	-0	-0	-0	-0	-0	-0	-0	-0	-0	-0	-0	-0	-0	-0	-0	-0	-0	-0	-0	-0	-0	-0	-0	-0	-0	-0	-0	-0	-0	-0	0	-0	-0	0	-0	-0	-0	-0	0	-0	0	-0	-0	-0	-0	-0.0141861	-0	-0	-0	-0	-0	-0	-0	-0	-0	-0	-0	-0	-0	-0	-0	-0	-0	-0	-0
MIR16_2	-0	-0	-0	-0	-0	-0	-0	0.00130331	-0	-0	-0	-0	-0	-0	-0	-0	-0	-0	-0	-0	-0	-0	-0	-0	-0	-0	-0	-0	-0	-0	-0	-0	-0	-0	-0	-0	-0	-0	-0	-0	-0	-0	-0	0	-0	-0	0	-0	-0	-0	-0	0	-0	0	-0	-0	-0	-0	-0	-0.011256	-0	-0	-0	-0	-0	-0	-0	-0	-0	-0	-0	-0	-0	-0	-0	-0	-0	-0
MIR17	-0	-0	-0	-0	-0	-0	-0	0.00120157	-0	-0	0.000788487	-0	-0	-0	-0	-0	-0	-0	-0	-0	-0	-0	0.000584064	-0	-0.00195427	-0	-0	-0	-0	-0	-0	-0	-0	-0	-0	-0	-0	-0	-0	-0	-0	-0	-0	0	-0	-0	0	-0	-0	-0	-0	0	-0	0	-0	-0	-0	-0	-0	-0	-0.0113846	-0	-0	-0	-0	-0	-0	-0	-0	-0	-0	-0	-0	-0	-0	-0	-0	-0
MIR18A	-0	-0	-0	-0	-0	-0	-0	0.00108757	-0	-0	0.000713678	-0	-0	-0	-0	-0	-0	-0	-0	-0	-0	-0	0.00052865	-0	-0	-0	-0	-0	-0	-0	-0	-0	-0	-0	-0	-0	-0	-0	-0	-0	-0	-0	-0	0	-0	-0	0	-0	-0	-0	-0	0	-0	0	-0	-0	-0	-0	-0	-0	-0	-0.0120064	-0	-0	-0	-0	-0	-0	-0	-0	-0	-0	-0	-0	-0	-0	-0	-0
MIR192	-0	-0	-0	-0	-0	-0	-0	-0	-0	-0	-0	-0	-0	-0	-0	-0	-0	-0	-0	-0	-0	-0	-0	-0	-0	-0	-0	-0	-0	-0	-0	-0	-0	-0	-0	-0	-0	-0	0.000384429	-0	-0	-0	-0	0	-0	-0	0	-0	-0	-0	-0	0	-0	0	-0	-0	-0	-0	-0	-0	-0	-0	-0.0149437	-0	-0	-0	-0	-0	-0	-0	-0	-0	-0	-0	-0	-0	-0	-0
MIR195	-0	-0	-0	-0	-0	-0	-0	-0	-0	-0	-0	-0	-0	-0	-0	-0	-0	-0	-0	-0	-0	-0	-0.00128136	-0	-0	-0	-0	-0	-0	-0	-0	-0	-0	-0	-0	-0	-0	-0	-0	-0	-0	-0	-0	0	-0	-0	0	-0	-0	-0	-0	0	-0	0	-0	-0	-0	-0	-0	-0	-0	-0	-0	-0.00874752	-0	-0	-0	-0	-0	-0	-0	-0	-0	-0	-0	-0	-0	-0
MIR200B	-0	-0	-0	-0	-0	-0	-0	-0	-0	-0	-0	-0	-0	-0	-0	-0.0018935	-0	-0	-0	-0	-0	-0	-0	-0	-0	-0	-0	-0	-0	-0	-0	-0	-0	-0	-0	-0	-0	-0	0.00032674	-0	-0	-0	-0	0	-0	-0	0	-0	-0	-0	-0	0	-0	0	-0	-0	-0	-0	-0	-0	-0	-0	-0	-0	-0.0126204	-0	-0	-0	-0	-0	-0	-0	-0	-0	-0	-0	-0	-0
MIR200C	-0	-0	-0	-0	-0	-0	-0	-0	-0	-0	-0	-0	-0	-0	-0	-0.00184068	-0	-0	-0	-0	-0	-0	-0	-0	-0	-0	-0	-0	-0	-0	-0	-0	-0	-0	-0	-0	-0	-0	0.000317626	-0	-0	-0	-0	0	-0	-0	0	-0	-0	-0	-0	0	-0	0	-0	-0	-0	-0	-0	-0	-0	-0	-0	-0	-0	-0.0154197	-0	-0	-0	-0	-0	-0	-0	-0	-0	-0	-0	-0
MIR20A	-0	-0	-0	-0	-0	-0	-0	0.0013192	-0	-0	0.000865678	-0	-0	-0	-0	-0	-0	-0	-0	-0	-0	-0	0.000641245	-0	-0	-0	-0	-0	-0	-0	-0	-0	-0	-0	-0	-0	-0	-0	-0	-0	-0	-0	-0	0	-0	-0	0	-0	-0	-0	-0	0	-0	0	-0	-0	-0	-0	-0	-0	-0	-0	-0	-0	-0	-0	-0.0103578	-0	-0	-0	-0	-0	-0	-0	-0	-0	-0	-0
MIR21	-0	-0	-0	-0	-0	-0	-0	-0	-0	-0	0.000634264	-0	-0	-0	-0	-0	-0	-0	0.000539761	-0	-0	-0	-0	-0	-0.00169369	-0	-0	-0	-0	-0	-0	0.000660505	0.000592761	-0	0.000626832	-0	-0	-0	-0	-0	-0	-0	-0	0	-0	-0	0	-0	-0	-0	-0	0	-0	0	-0	-0	-0	-0	-0	-0	-0	-0	-0	-0	-0	-0	-0	-0.0133571	-0	-0	-0	-0	-0	-0	-0	-0	-0	-0
MIR224	-0	-0	-0	-0	-0	-0	-0	-0	-0	-0	-0	-0	-0	-0	-0	-0	-0	-0	-0	-0	-0	-0	-0	-0	-0	-0	-0	-0	-0	-0	-0	-0	-0	-0	-0	-0	-0	-0	-0	-0	-0	-0	-0	0	-0	-0	0	-0	-0	-0	-0	0	-0	0	-0	-0	-0	-0	-0	-0	-0	-0	-0	-0	-0	-0	-0	-0	-0.0160371	-0	-0	-0	-0	-0	-0	-0	-0	-0
MIR29A	-0	-0	-0	-0	-0	-0	-0	-0	-0	-0	-0	-0	-0	-0	-0	-0	-0	-0	0.000524153	-0	-0	-0	-0.00104535	-0	-0.00124593	-0	-0	-0	-0	-0	-0	-0	-0	-0	-0	-0	-0	-0	0.000291485	-0	-0	-0	-0	0	-0	-0	0	-0	-0	-0	-0	0	-0	0	-0	-0	-0	-0	-0	-0	-0	-0	-0	-0	-0	-0	-0	-0	-0	-0.00804	-0	-0	-0	-0	-0	-0	-0	-0
MIR29C	-0	-0	-0	-0	-0	-0	-0	-0	-0	-0	-0	-0	-0	-0	-0	-0	-0	-0	-0	-0	-0	-0	-0.00121812	-0	-0.00145186	-0	-0	-0	-0	-0	-0	-0	-0	-0	-0	-0	-0	-0	-0	-0	-0	-0	-0	0	-0	-0	0	-0	-0	-0	-0	0	-0	0	-0	-0	-0	-0	-0	-0	-0	-0	-0	-0	-0	-0	-0	-0	-0	-0	-0.00899039	-0	-0	-0	-0	-0	-0	-0
MIR34A	-0	-0	-0	-0	-0	-0	-0	-0	-0	-0	-0	-0	-0	-0	-0	-0	-0	-0	-0	-0	-0	-0	-0.00121903	-0	0.000569435	-0	-0	-0	-0	-0	-0	-0	-0	-0	-0	-0	-0	-0	0.000303169	-0	-0	-0	-0	0	-0	-0	0	-0	-0	-0	-0	0	-0	0	-0	-0	-0	-0	-0	-0	-0	-0	-0	-0	-0	-0	-0	-0	-0	-0	-0	-0.0137182	-0	-0	-0	-0	-0	-0
MIR34B	-0	-0	-0	-0	-0	-0	-0	-0	-0	-0	-0	-0	-0	-0	-0	-0	-0	-0	-0	-0	-0	-0	-0	-0	-0	-0	-0	-0	-0	-0	-0	-0	-0	-0	-0	-0	-0	-0	0.000293397	-0	-0	-0	-0	0	-0	-0	0	-0	-0	-0	-0	0	-0	0	-0	-0	-0	-0	-0	-0	-0	-0	-0	-0	-0	-0	-0	-0	-0	-0	-0	-0	-0.0153133	-0	-0	-0	-0	-0
MIR34C	-0	-0	-0	-0	-0	-0	-0	-0	-0	-0	-0	-0	-0	-0	-0	-0	-0	-0	-0	-0	-0	-0	-0	-0	-0	-0	-0	-0	-0	-0	-0	-0	-0	0.000449281	-0	-0	-0	-0	0.000263609	-0	-0	-0	-0	0	-0	-0	0	-0	-0	-0	-0	0	-0	0	-0	-0	-0	-0	-0	-0	-0	-0	-0	-0	-0	-0	-0	-0	-0	-0	-0	-0	-0	-0.0171692	-0	-0	-0	-0
MIR448	-0	-0	-0	-0	-0	-0	-0	-0	-0	-0	-0	-0	-0	-0	-0	-0	-0	-0	-0	-0	-0	-0	-0	-0	-0.00120987	-0	-0	-0	-0	-0	-0	-0	-0	-0	-0	-0	-0	-0	-0	-0	-0	-0	-0	0	-0	-0	0	-0	-0	-0	-0	0	-0	0	-0	-0	-0	-0	-0	-0	-0	-0	-0	-0	-0	-0	-0	-0	-0	-0	-0	-0	-0	-0	-0.0148454	-0	-0	-0
MIR449A	-0	-0	-0	-0	-0	-0	-0	0.000710898	-0	-0	-0	-0	-0	-0	-0	-0	-0	-0	-0	-0	-0	-0	-0	-0	-0	-0	-0	-0	-0	-0	-0	-0	-0	-0	-0	-0	-0	-0	-0	-0	-0	-0	-0	0	-0	-0	0	-0	-0	-0	-0	0	-0	0	-0	-0	-0	-0	-0	-0	-0	-0	-0	-0	-0	-0	-0	-0	-0	-0	-0	-0	-0	-0	-0	-0.0182058	-0	-0
MIRLET7A1	-0	-0	-0	-0	-0	-0	-0	-0	-0	-0	-0	-0	-0	-0	-0	-0	-0	-0	-0	-0	-0	-0	-0.00138989	-0	-0	-0	-0	-0	-0	-0	-0	-0	-0	-0	-0	-0	-0	-0	-0	-0	-0	-0	-0	0	-0	-0	0	-0	-0	-0	-0	0	-0	0	-0	-0	-0	-0	-0	-0	-0	-0	-0	-0	-0	-0	-0	-0	-0	-0	-0	-0	-0	-0	-0	-0	-0.00855816	-0
MIRLET7C	-0	-0	-0	-0	-0	-0	-0	-0	-0	-0	-0	-0	-0	-0	-0	-0	-0	-0	-0	-0	-0	-0	-0.00147079	-0	-0	-0	-0	-0	-0	-0	-0	-0	-0	-0	-0	-0	-0	-0	-0	-0	-0	-0	-0	0	-0	-0	0	-0	-0	-0	-0	0	-0	0	-0	-0	-0	-0	-0	-0	-0	-0	-0	-0	-0	-0	-0	-0	-0	-0	-0	-0	-0	-0	-0	-0	-0	-0.00861888
